0 0.6086896929824561 0.4245248538011696 0.08031798245614036 0.13633040935672514
1 0.6001918859649122 0.3740862573099415 0.012883771929824562 0.03545321637426901
0 0.6303453947368421 0.3967470760233918 0.05290570175438596 0.06396198830409357
1 0.6507675438596491 0.41502192982456143 0.012609649122807017 0.010599415204678362
0 0.5397478070175439 0.4071637426900585 0.06853070175438597 0.07529239766081872
1 0.5677083333333334 0.4245248538011696 0.00712719298245614 0.009868421052631578
0 0.5075383771929824 0.46582602339181284 0.05345394736842105 0.07273391812865497
2 0.49698464912280704 0.4782529239766082 0.006030701754385965 0.009868421052631578
0 0.5541392543859649 0.3207236842105263 0.07483552631578948 0.09539473684210527
1 0.5822368421052632 0.3543494152046784 0.014802631578947368 0.023757309941520467
0 0.45984100877192985 0.37701023391812866 0.07264254385964912 0.09466374269005848
0 0.40707236842105265 0.4378654970760234 0.07346491228070176 0.10160818713450293
2 0.41625548245614036 0.4608918128654971 0.007401315789473684 0.008771929824561403