0 0.46395285087719296 0.2013888888888889 0.07593201754385964 0.12792397660818713
0 0.4761513157894737 0.3265716374269006 0.05646929824561404 0.10928362573099415
0 0.44161184210526316 0.39364035087719296 0.07894736842105263 0.13304093567251463
1 0.4401041666666667 0.34557748538011696 0.009594298245614035 0.03764619883040936
0 0.42941337719298245 0.30135233918128657 0.07867324561403509 0.12682748538011696
1 0.4114583333333333 0.2507309941520468 0.012609649122807017 0.025584795321637425
0 0.40405701754385964 0.36622807017543857 0.06524122807017543 0.13157894736842105
1 0.3907620614035088 0.32127192982456143 0.011239035087719298 0.04239766081871345
0 0.5182291666666666 0.3996710526315789 0.07593201754385964 0.10343567251461988
1 0.5050712719298246 0.3609283625730994 0.009594298245614035 0.013523391812865496
0 0.548108552631579 0.36330409356725146 0.07209429824561403 0.09283625730994152
1 0.5726425438596491 0.32748538011695905 0.023574561403508772 0.01827485380116959
3 0.5571546052631579 0.38103070175438597 0.010142543859649123 0.019371345029239765
0 0.5082236842105263 0.2719298245614035 0.0756578947368421 0.15570175438596492
1 0.5119243421052632 0.21820175438596492 0.009594298245614035 0.04824561403508772
1 0.4544956140350877 0.1525950292397661 0.008771929824561403 0.029605263157894735
1 0.46957236842105265 0.2814327485380117 0.007675438596491228 0.01608187134502924