0 0.5726594650205762 0.4488811728395062 0.12114197530864197 0.1431327160493827
0 0.5601851851851852 0.5279706790123457 0.12808641975308643 0.21026234567901234
0 0.6902006172839507 0.5686728395061729 0.18132716049382716 0.19521604938271606
0 0.7012602880658436 0.43460648148148145 0.14017489711934156 0.1385030864197531
1 0.6298868312757202 0.6307870370370371 0.06018518518518518 0.06327160493827161
1 0.5597993827160493 0.41512345679012347 0.011574074074074073 0.019290123456790122
1 0.5724022633744856 0.4367283950617284 0.011574074074074073 0.026234567901234566
1 0.6392746913580247 0.4693287037037037 0.015174897119341564 0.017361111111111112
2 0.7343106995884774 0.44675925925925924 0.018518518518518517 0.031635802469135804
2 0.7699331275720165 0.5407021604938271 0.017232510288065845 0.05594135802469136
2 0.5447530864197531 0.6084104938271605 0.033950617283950615 0.023148148148148147