0 0.6096491228070176 0.42543859649122806 0.0805921052631579 0.13815789473684212
1 0.5997807017543859 0.3751827485380117 0.01206140350877193 0.03764619883040936
0 0.6424067982456141 0.39400584795321636 0.07154605263157894 0.06725146198830409
1 0.667077850877193 0.37207602339181284 0.02275219298245614 0.01827485380116959
0 0.5401589912280702 0.4071637426900585 0.06880482456140351 0.07383040935672515
1 0.5686677631578947 0.42525584795321636 0.007949561403508772 0.01206140350877193
0 0.5084978070175439 0.46619152046783624 0.05317982456140351 0.07419590643274854
2 0.4967105263157895 0.4784356725146199 0.007675438596491228 0.01023391812865497
0 0.5549616228070176 0.3225511695906433 0.07154605263157894 0.09685672514619884
2 0.5519462719298246 0.30116959064327486 0.007401315789473684 0.011695906432748537
0 0.4603892543859649 0.3753654970760234 0.07264254385964912 0.09502923976608187
0 0.40734649122807015 0.4380482456140351 0.07456140350877193 0.10197368421052631
2 0.4165296052631579 0.4608918128654971 0.007401315789473684 0.01023391812865497