0 0.540296052631579 0.40752923976608185 0.07730263157894737 0.1286549707602339
1 0.5290570175438597 0.3607456140350877 0.013157894736842105 0.033625730994152045
0 0.5662006578947368 0.3346125730994152 0.07099780701754387 0.09904970760233918
1 0.5656524122807017 0.29258040935672514 0.011787280701754386 0.01206140350877193
0 0.4590186403508772 0.3848684210526316 0.0556469298245614 0.07456140350877193
2 0.4472313596491228 0.40021929824561403 0.007401315789473684 0.013888888888888888
0 0.35827850877192985 0.433296783625731 0.08278508771929824 0.10855263157894737
1 0.35718201754385964 0.39784356725146197 0.013157894736842105 0.01425438596491228
0 0.4069353070175439 0.33187134502923976 0.07483552631578948 0.1074561403508772
2 0.3907620614035088 0.36293859649122806 0.016721491228070175 0.02266081871345029
1 0.43064692982456143 0.2885599415204678 0.013157894736842105 0.02010233918128655