0 0.5214763374485597 0.47723765432098764 0.1206275720164609 0.18132716049382716
0 0.4675925925925926 0.5567129629629629 0.12037037037037036 0.14660493827160495
0 0.4497170781893004 0.6614583333333334 0.13708847736625515 0.20794753086419754
0 0.7033179012345679 0.4567901234567901 0.12422839506172839 0.11959876543209877
0 0.6594650205761317 0.5729166666666666 0.147119341563786 0.12654320987654322
0 0.6710390946502057 0.7824074074074074 0.23405349794238683 0.22916666666666666
1 0.592335390946502 0.8057484567901234 0.073559670781893 0.058256172839506175
1 0.6091820987654321 0.589891975308642 0.041923868312757205 0.03009259259259259
1 0.48572530864197533 0.5777391975308642 0.018775720164609055 0.03819444444444445
1 0.5075874485596708 0.42727623456790126 0.010030864197530864 0.018132716049382717
1 0.652906378600823 0.4195601851851852 0.022376543209876542 0.022762345679012346
2 0.7529578189300411 0.46257716049382713 0.013631687242798354 0.032407407407407406
2 0.7283950617283951 0.5532407407407407 0.00977366255144033 0.024691358024691357