0 0.6015625 0.42616959064327486 0.08305921052631579 0.12792397660818713
1 0.6010142543859649 0.3795687134502924 0.009594298245614035 0.034722222222222224
0 0.6450109649122807 0.3958333333333333 0.06962719298245613 0.07090643274853801
1 0.6674890350877193 0.37390350877192985 0.02412280701754386 0.02046783625730994
0 0.5383771929824561 0.40771198830409355 0.06469298245614036 0.0763888888888889
0 0.5102796052631579 0.4683845029239766 0.0644188596491228 0.0712719298245614
1 0.48135964912280704 0.45321637426900585 0.006578947368421052 0.01608187134502924
0 0.5549616228070176 0.3220029239766082 0.07154605263157894 0.09868421052631579
2 0.5530427631578947 0.30171783625730997 0.007949561403508772 0.009868421052631578
0 0.4608004385964912 0.37609649122807015 0.07236842105263158 0.09502923976608187
0 0.4083059210526316 0.4375 0.07538377192982457 0.10087719298245613
2 0.4179002192982456 0.46016081871345027 0.007949561403508772 0.011695906432748537