0 0.6270559210526315 0.4058845029239766 0.09073464912280702 0.0800438596491228
1 0.6591282894736842 0.39382309941520466 0.02549342105263158 0.017909356725146198
0 0.5459155701754386 0.41483918128654973 0.0693530701754386 0.0935672514619883
2 0.5740131578947368 0.43987573099415206 0.006030701754385965 0.013523391812865496
1 0.5195997807017544 0.38377192982456143 0.015625 0.029239766081871343
0 0.5609923245614035 0.38084795321637427 0.07319078947368421 0.1118421052631579
1 0.563733552631579 0.333516081871345 0.01069078947368421 0.009868421052631578
0 0.47834429824561403 0.4031432748538012 0.07730263157894737 0.12426900584795321
1 0.4683388157894737 0.3576388888888889 0.011787280701754386 0.03252923976608187
0 0.4133771929824561 0.43932748538011696 0.06030701754385965 0.06578947368421052
0 0.4205043859649123 0.3967470760233918 0.07346491228070176 0.11147660818713451
1 0.41584429824561403 0.353983918128655 0.012609649122807017 0.010599415204678362