0 0.34786522633744854 0.6008873456790124 0.14686213991769548 0.15007716049382716
0 0.46669238683127573 0.5653935185185185 0.09490740740740741 0.18325617283950618
0 0.5622427983539094 0.5686728395061729 0.09516460905349794 0.19290123456790123
0 0.6691100823045267 0.5648148148148148 0.09439300411522633 0.14891975308641975
1 0.3963477366255144 0.5665509259259259 0.045781893004115226 0.01890432098765432
2 0.28536522633744854 0.6305941358024691 0.018775720164609055 0.059799382716049385
1 0.46026234567901236 0.49074074074074076 0.010545267489711935 0.033950617283950615
3 0.46694958847736623 0.6068672839506173 0.016718106995884774 0.036265432098765434
2 0.4826388888888889 0.6390817901234568 0.03986625514403292 0.03973765432098766
1 0.5664866255144033 0.49344135802469136 0.010030864197530864 0.04089506172839506
2 0.5617283950617284 0.6458333333333334 0.03806584362139918 0.040123456790123455
2 0.6549639917695473 0.6111111111111112 0.03883744855967078 0.04552469135802469