0 0.5489309210526315 0.41502192982456143 0.08086622807017543 0.10782163742690058
2 0.5530427631578947 0.39089912280701755 0.011239035087719298 0.013523391812865496
0 0.5409813596491229 0.3368055555555556 0.08031798245614036 0.07273391812865497
1 0.5708607456140351 0.31761695906432746 0.0200109649122807 0.017543859649122806
2 0.5089089912280702 0.3442982456140351 0.009046052631578948 0.011695906432748537
0 0.5490679824561403 0.3472222222222222 0.07510964912280702 0.09137426900584796
1 0.557702850877193 0.3081140350877193 0.005756578947368421 0.013888888888888888
0 0.4849232456140351 0.3965643274853801 0.07456140350877193 0.1067251461988304
2 0.4809484649122807 0.35617690058479534 0.033717105263157895 0.01425438596491228
0 0.41515899122807015 0.36641081871345027 0.07319078947368421 0.1597222222222222
1 0.4225603070175439 0.3126827485380117 0.01069078947368421 0.051535087719298246