0 0.345679012345679 0.6041666666666666 0.147119341563786 0.15200617283950618
0 0.46746399176954734 0.5679012345679012 0.09542181069958848 0.18364197530864199
0 0.5619855967078189 0.5709876543209876 0.09465020576131687 0.19290123456790123
0 0.6593364197530864 0.5682870370370371 0.09387860082304526 0.18441358024691357
1 0.39609053497942387 0.5700231481481481 0.047325102880658436 0.021219135802469136
2 0.2836934156378601 0.6363811728395061 0.023148148148148147 0.059027777777777776
1 0.4588477366255144 0.49382716049382713 0.010802469135802469 0.033950617283950615
3 0.46669238683127573 0.6103395061728395 0.017232510288065845 0.038580246913580245
2 0.48289609053497945 0.6408179012345679 0.036265432098765434 0.03780864197530864
1 0.5649434156378601 0.49614197530864196 0.009516460905349794 0.038580246913580245
2 0.5597993827160493 0.6442901234567902 0.03369341563786008 0.038580246913580245
1 0.6818415637860082 0.6253858024691358 0.0257201646090535 0.07021604938271606