0 0.6026589912280702 0.37609649122807015 0.07867324561403509 0.10087719298245613
1 0.6118421052631579 0.33863304093567254 0.00932017543859649 0.010599415204678362
0 0.6149945175438597 0.3355263157894737 0.06770833333333333 0.08114035087719298
1 0.6212993421052632 0.33223684210526316 0.005756578947368421 0.008771929824561403
0 0.5645559210526315 0.3031798245614035 0.09347587719298246 0.0756578947368421
1 0.5963541666666666 0.2852704678362573 0.030975877192982455 0.034722222222222224
0 0.559484649122807 0.3514254385964912 0.04276315789473684 0.03252923976608187
0 0.5323464912280702 0.38048245614035087 0.0762061403508772 0.13157894736842105
1 0.534265350877193 0.33260233918128657 0.007675438596491228 0.03728070175438596
0 0.4751918859649123 0.370796783625731 0.07044956140350878 0.10416666666666667
1 0.4817708333333333 0.3291301169590643 0.016721491228070175 0.01206140350877193
0 0.4662828947368421 0.27503654970760233 0.0712719298245614 0.09612573099415204
1 0.4575109649122807 0.23739035087719298 0.01206140350877193 0.009868421052631578
0 0.43242872807017546 0.34630847953216376 0.07154605263157894 0.09539473684210527
1 0.4120065789473684 0.30701754385964913 0.02905701754385965 0.016812865497076022
0 0.4928728070175439 0.326937134502924 0.07785087719298246 0.07785087719298246