0 0.6799125514403292 0.5713734567901234 0.1376028806584362 0.19135802469135801
0 0.5708590534979424 0.41878858024691357 0.11445473251028807 0.1732253086419753
1 0.5662294238683128 0.34934413580246915 0.015174897119341564 0.028935185185185185
2 0.567772633744856 0.47820216049382713 0.014146090534979424 0.022762345679012346
1 0.6607510288065843 0.5090663580246914 0.01440329218106996 0.022762345679012346
0 0.4601337448559671 0.5086805555555556 0.12088477366255145 0.1886574074074074
2 0.4782664609053498 0.5283564814814815 0.015174897119341564 0.02044753086419753
0 0.4825102880658436 0.5034722222222222 0.0 0.0007716049382716049
0 0.5844907407407407 0.5513117283950617 0.09542181069958848 0.11342592592592593
0 0.5311213991769548 0.5914351851851852 0.13786008230452676 0.19984567901234568
2 0.5708590534979424 0.6599151234567902 0.019804526748971193 0.04282407407407408