0 0.5996436403508771 0.4281798245614035 0.08360745614035088 0.12828947368421054
1 0.5970394736842105 0.38121345029239767 0.009868421052631578 0.03435672514619883
0 0.5263157894736842 0.39766081871345027 0.06798245614035088 0.07529239766081872
2 0.5552357456140351 0.3790204678362573 0.007401315789473684 0.013157894736842105
0 0.4961622807017544 0.3541666666666667 0.07401315789473684 0.10380116959064327
1 0.47094298245614036 0.3157894736842105 0.011513157894736841 0.027046783625730993
0 0.47820723684210525 0.4199561403508772 0.05893640350877193 0.06798245614035088
1 0.4510690789473684 0.39784356725146197 0.004660087719298245 0.008406432748538011
2 0.49780701754385964 0.4340277777777778 0.006030701754385965 0.009868421052631578
0 0.4211896929824561 0.3961988304093567 0.07702850877192982 0.1023391812865497
1 0.41488486842105265 0.35891812865497075 0.010142543859649123 0.01023391812865497
0 0.4047423245614035 0.44371345029239767 0.08305921052631579 0.09722222222222222
1 0.37404057017543857 0.46290204678362573 0.02055921052631579 0.021564327485380116