0 0.5421810699588477 0.5063657407407407 0.1779835390946502 0.1886574074074074
0 0.6022376543209876 0.5802469135802469 0.13554526748971193 0.11959876543209877
0 0.5495113168724279 0.6689814814814815 0.10982510288065844 0.13657407407407407
0 0.6602366255144033 0.6701388888888888 0.13477366255144033 0.2962962962962963
0 0.7481995884773662 0.5497685185185185 0.1404320987654321 0.19212962962962962
1 0.7350823045267489 0.47087191358024694 0.026234567901234566 0.015817901234567902
1 0.6522633744855967 0.5850694444444444 0.03189300411522634 0.017361111111111112
1 0.6697530864197531 0.5756172839506173 0.018518518518518517 0.10570987654320987
1 0.5106738683127572 0.7089120370370371 0.03215020576131687 0.03433641975308642
1 0.6121399176954733 0.5129243827160493 0.03446502057613169 0.018132716049382717
2 0.46810699588477367 0.4853395061728395 0.0257201646090535 0.0779320987654321