0 0.5986842105263158 0.4279970760233918 0.08223684210526316 0.13157894736842105
1 0.5982730263157895 0.3815789473684211 0.009046052631578948 0.03654970760233918
0 0.6356907894736842 0.39784356725146197 0.0712719298245614 0.0712719298245614
1 0.6599506578947368 0.40844298245614036 0.02275219298245614 0.01206140350877193
0 0.5460526315789473 0.41502192982456143 0.05537280701754386 0.07711988304093567
2 0.5323464912280702 0.4197733918128655 0.011513157894736841 0.011330409356725146
0 0.4839638157894737 0.4097222222222222 0.05180921052631579 0.06798245614035088
2 0.49492872807017546 0.4190423976608187 0.007401315789473684 0.007675438596491228
0 0.4967105263157895 0.35526315789473684 0.07510964912280702 0.10307017543859649
1 0.47382127192982454 0.3172514619883041 0.012335526315789474 0.027777777777777776
0 0.4213267543859649 0.39418859649122806 0.0762061403508772 0.09320175438596491
1 0.4121436403508772 0.35855263157894735 0.01069078947368421 0.01023391812865497
0 0.40542763157894735 0.4444444444444444 0.08333333333333333 0.09941520467836257
1 0.3744517543859649 0.46235380116959063 0.02138157894736842 0.019005847953216373