0 0.498070987654321 0.470679012345679 0.113940329218107 0.22453703703703703
0 0.6246141975308642 0.4193672839506173 0.12114197530864197 0.1550925925925926
0 0.6175411522633745 0.517554012345679 0.12705761316872427 0.18094135802469136
0 0.6340020576131687 0.6728395061728395 0.09722222222222222 0.16435185185185186
0 0.8085133744855967 0.6572145061728395 0.21424897119341563 0.2056327160493827
1 0.8747427983539094 0.6805555555555556 0.07973251028806584 0.033950617283950615
1 0.6518775720164609 0.7235725308641975 0.015174897119341564 0.058256172839506175
1 0.5776748971193416 0.3715277777777778 0.01748971193415638 0.033179012345679014
1 0.47492283950617287 0.390625 0.04140946502057613 0.059799382716049385
2 0.6721965020576132 0.4637345679012346 0.012602880658436214 0.03009259259259259
2 0.6256430041152263 0.4417438271604938 0.031121399176954733 0.023919753086419752
2 0.7138631687242798 0.6541280864197531 0.036265432098765434 0.13155864197530864