0 0.6006030701754386 0.42580409356725146 0.08223684210526316 0.1286549707602339
1 0.5993695175438597 0.3793859649122807 0.010142543859649123 0.03728070175438596
0 0.6381578947368421 0.39491959064327486 0.06907894736842106 0.07054093567251463
1 0.661047149122807 0.4057017543859649 0.023300438596491228 0.011695906432748537
0 0.5472861842105263 0.4133771929824561 0.05345394736842105 0.07748538011695906
2 0.5334429824561403 0.41867690058479534 0.010964912280701754 0.009868421052631578
0 0.48464912280701755 0.40917397660818716 0.05043859649122807 0.06761695906432749
2 0.49643640350877194 0.4168494152046784 0.006578947368421052 0.008406432748538011
0 0.5301535087719298 0.3468567251461988 0.07785087719298246 0.09283625730994152
2 0.512609649122807 0.322733918128655 0.014802631578947368 0.017543859649122806
1 0.5651041666666666 0.36951754385964913 0.006853070175438596 0.008771929824561403
0 0.42283442982456143 0.3927266081871345 0.07648026315789473 0.09685672514619884
1 0.41502192982456143 0.35544590643274854 0.012609649122807017 0.009137426900584795
0 0.40707236842105265 0.4411549707602339 0.08168859649122807 0.09649122807017543
1 0.37664473684210525 0.4607090643274854 0.020833333333333332 0.0222953216374269