0 0.6121162280701754 0.402046783625731 0.08223684210526316 0.12426900584795321
1 0.6347313596491229 0.3570906432748538 0.012335526315789474 0.03289473684210526
0 0.5457785087719298 0.416483918128655 0.0581140350877193 0.09100877192982457
2 0.5652412280701754 0.43987573099415206 0.006030701754385965 0.01206140350877193
1 0.5227521929824561 0.3841374269005848 0.010964912280701754 0.027046783625730993
0 0.5618146929824561 0.37682748538011696 0.07154605263157894 0.10160818713450293
1 0.5635964912280702 0.33534356725146197 0.010964912280701754 0.008406432748538011
0 0.47930372807017546 0.40332602339181284 0.07702850877192982 0.1253654970760234
1 0.4688870614035088 0.358187134502924 0.012335526315789474 0.03435672514619883
0 0.4213267543859649 0.39364035087719296 0.0756578947368421 0.10526315789473684
1 0.41433662280701755 0.35508040935672514 0.010142543859649123 0.010599415204678362
0 0.4135142543859649 0.4413377192982456 0.06112938596491228 0.06542397660818713