0 0.4904835390946502 0.4712577160493827 0.12294238683127572 0.18171296296296297
0 0.43801440329218105 0.5709876543209876 0.12191358024691358 0.18595679012345678
0 0.5934927983539094 0.5960648148148148 0.09079218106995884 0.1574074074074074
0 0.6723251028806584 0.4255401234567901 0.1337448559670782 0.12037037037037036
0 0.7237654320987654 0.5634645061728395 0.19907407407407407 0.19251543209876543
1 0.6240997942386831 0.4079861111111111 0.033179012345679014 0.01890432098765432
1 0.5718878600823045 0.6396604938271605 0.025977366255144033 0.05092592592592592
1 0.6525205761316872 0.6236496913580247 0.05092592592592592 0.0628858024691358
2 0.7998971193415638 0.5476466049382716 0.024691358024691357 0.06674382716049383
1 0.47698045267489714 0.4214891975308642 0.017746913580246913 0.02199074074074074
2 0.43016975308641975 0.5846836419753086 0.023919753086419752 0.03202160493827161