0 0.588952850877193 0.3846856725146199 0.07209429824561403 0.09685672514619884
1 0.5969024122807017 0.34978070175438597 0.00849780701754386 0.011695906432748537
3 0.5911458333333334 0.4069809941520468 0.015076754385964912 0.012792397660818713
0 0.49972587719298245 0.41228070175438597 0.07894736842105263 0.10453216374269006
2 0.5028782894736842 0.4133771929824561 0.007949561403508772 0.008771929824561403
0 0.5078125 0.34868421052631576 0.0693530701754386 0.08991228070175439
1 0.5183662280701754 0.32328216374269003 0.019736842105263157 0.039108187134502925
0 0.4203673245614035 0.41228070175438597 0.07757675438596491 0.10380116959064327
1 0.4220120614035088 0.37737573099415206 0.009594298245614035 0.01206140350877193
0 0.43078399122807015 0.35581140350877194 0.07922149122807018 0.08881578947368421
1 0.4185855263157895 0.3267543859649123 0.007675438596491228 0.011695906432748537