0 0.5538651315789473 0.39546783625730997 0.08580043859649122 0.1118421052631579
2 0.5507127192982456 0.3609283625730994 0.01206140350877193 0.015716374269005847
0 0.47765899122807015 0.40899122807017546 0.07757675438596491 0.12426900584795321
1 0.4672423245614035 0.36330409356725146 0.013980263157894737 0.03435672514619883
0 0.5205592105263158 0.3207236842105263 0.08771929824561403 0.08881578947368421
1 0.549890350877193 0.2909356725146199 0.027412280701754384 0.029239766081871343
2 0.48081140350877194 0.34978070175438597 0.006578947368421052 0.021198830409356724
0 0.45093201754385964 0.32510964912280704 0.054276315789473686 0.11001461988304094
1 0.4362664473684211 0.28362573099415206 0.009046052631578948 0.025584795321637425
0 0.41954495614035087 0.40003654970760233 0.07593201754385964 0.10197368421052631
1 0.4107730263157895 0.3607456140350877 0.009594298245614035 0.012426900584795321