0 0.4094650205761317 0.47260802469135804 0.1111111111111111 0.19675925925925927
0 0.5084876543209876 0.4425154320987654 0.08384773662551441 0.14429012345679013
0 0.6278292181069959 0.45717592592592593 0.11779835390946503 0.1875
0 0.7348251028806584 0.46412037037037035 0.10133744855967078 0.1597222222222222
1 0.38477366255144035 0.5354938271604939 0.0257201646090535 0.06635802469135803
1 0.5241769547325102 0.4834104938271605 0.023662551440329218 0.0625
1 0.654320987654321 0.38310185185185186 0.0205761316872428 0.04089506172839506
1 0.6952160493827161 0.4112654320987654 0.014917695473251029 0.026234567901234566
2 0.7633744855967078 0.5046296296296297 0.024691358024691357 0.044753086419753084
3 0.48842592592592593 0.4506172839506173 0.03446502057613169 0.08796296296296297
3 0.5421810699588477 0.4390432098765432 0.018518518518518517 0.06018518518518518