0 0.4304269547325103 0.5846836419753086 0.12217078189300412 0.1878858024691358
0 0.48392489711934156 0.4859182098765432 0.12217078189300412 0.18094135802469136
0 0.4411008230452675 0.42650462962962965 0.1111111111111111 0.10455246913580248
0 0.5873199588477366 0.605516975308642 0.08976337448559671 0.14776234567901234
0 0.7174639917695473 0.5798611111111112 0.1977880658436214 0.19135802469135801
1 0.3994341563786008 0.46103395061728397 0.024691358024691357 0.027777777777777776
1 0.4710648148148148 0.4351851851851852 0.012602880658436214 0.022376543209876542
1 0.5668724279835391 0.6512345679012346 0.026748971193415638 0.05324074074074074
1 0.6435185185185185 0.6413966049382716 0.048868312757201646 0.06365740740740741
2 0.7943672839506173 0.5628858024691358 0.02854938271604938 0.06481481481481481
2 0.42219650205761317 0.5991512345679012 0.017746913580246913 0.029320987654320986