0 0.5303497942386831 0.4737654320987654 0.12088477366255145 0.18209876543209877
0 0.4763374485596708 0.5729166666666666 0.12088477366255145 0.1882716049382716
0 0.5911779835390947 0.6653163580246914 0.14480452674897118 0.21720679012345678
0 0.6865997942386831 0.5702160493827161 0.11291152263374486 0.12731481481481483
0 0.7121913580246914 0.4575617283950617 0.12345679012345678 0.12268518518518519
1 0.6630658436213992 0.41782407407407407 0.022119341563786008 0.021604938271604937
1 0.628858024691358 0.7442129629629629 0.01748971193415638 0.04243827160493827
1 0.5171039094650206 0.4226466049382716 0.011574074074074073 0.021219135802469136
1 0.6377314814814815 0.5733024691358025 0.015174897119341564 0.031635802469135804
2 0.7385545267489712 0.5538194444444444 0.009002057613168725 0.02507716049382716
2 0.7629886831275721 0.46489197530864196 0.015689300411522635 0.038580246913580245
2 0.46900720164609055 0.5869984567901234 0.015689300411522635 0.025848765432098766