0 0.51440329218107 0.5682870370370371 0.12242798353909465 0.1882716049382716
0 0.5775462962962963 0.4072145061728395 0.11856995884773662 0.11998456790123457
0 0.7343106995884774 0.4567901234567901 0.1286008230452675 0.1875
0 0.6721965020576132 0.59375 0.09130658436213991 0.14969135802469136
0 0.8054269547325102 0.5698302469135802 0.20344650205761317 0.19135802469135801
1 0.7327674897119342 0.6286651234567902 0.04681069958847737 0.062114197530864196
1 0.6502057613168725 0.6381172839506173 0.023662551440329218 0.04938271604938271
1 0.6239711934156379 0.42920524691358025 0.02263374485596708 0.02199074074074074
2 0.5366512345679012 0.390625 0.021862139917695474 0.03587962962962963
2 0.5050154320987654 0.581983024691358 0.022376543209876542 0.03125
1 0.7341820987654321 0.40914351851851855 0.013117283950617283 0.021219135802469136
2 0.8819444444444444 0.5596064814814815 0.029320987654320986 0.07137345679012345