0 0.18899601063829788 0.52975 0.2689494680851064 0.2545
0 0.38480718085106386 0.42525 0.25299202127659576 0.3895
0 0.5766289893617021 0.44525 0.13996010638297873 0.3535
0 0.7559840425531915 0.44175 0.2127659574468085 0.3465
1 0.2701130319148936 0.595 0.1007313829787234 0.106
3 0.15575132978723405 0.56525 0.09740691489361702 0.1095
1 0.4428191489361702 0.2565 0.01928191489361702 0.036
2 0.3829787234042553 0.4485 0.05585106382978723 0.094
1 0.5571808510638298 0.325 0.03789893617021277 0.101
2 0.558344414893617 0.58675 0.030917553191489363 0.0435
1 0.6821808510638298 0.33575 0.052526595744680854 0.1105