0 0.6085526315789473 0.4234283625730994 0.0800438596491228 0.13706140350877194
1 0.6000548245614035 0.37244152046783624 0.012609649122807017 0.03654970760233918
0 0.6311677631578947 0.39510233918128657 0.05180921052631579 0.06578947368421052
1 0.6499451754385965 0.41264619883040937 0.01206140350877193 0.011695906432748537
0 0.5405701754385965 0.4064327485380117 0.06633771929824561 0.07236842105263158
1 0.5678453947368421 0.423062865497076 0.005208333333333333 0.010599415204678362
0 0.5082236842105263 0.4650950292397661 0.05263157894736842 0.0720029239766082
2 0.49684758771929827 0.4764254385964912 0.007401315789473684 0.009868421052631578
0 0.5540021929824561 0.3196271929824561 0.07346491228070176 0.0939327485380117
1 0.5819627192982456 0.3530701754385965 0.01644736842105263 0.02412280701754386
0 0.47957785087719296 0.37609649122807015 0.07593201754385964 0.1023391812865497
2 0.47574013157894735 0.3477704678362573 0.012883771929824562 0.013523391812865496
0 0.4067982456140351 0.4367690058479532 0.07510964912280702 0.10087719298245613
2 0.41639254385964913 0.4594298245614035 0.007675438596491228 0.008771929824561403