0 0.5689300411522634 0.4845679012345679 0.11728395061728394 0.2322530864197531
0 0.5936213991769548 0.5565200617283951 0.08333333333333333 0.13310185185185186
0 0.5842335390946503 0.6826774691358025 0.11188271604938271 0.1385030864197531
0 0.698559670781893 0.6890432098765432 0.13477366255144033 0.2993827160493827
0 0.7854938271604939 0.5729166666666666 0.147119341563786 0.19444444444444445
1 0.7744341563786008 0.49266975308641975 0.03909465020576132 0.019290123456790122
1 0.7080761316872428 0.5951003086419753 0.0205761316872428 0.1091820987654321
1 0.5461676954732511 0.7212577160493827 0.031635802469135804 0.03279320987654321
2 0.5783179012345679 0.5887345679012346 0.012088477366255145 0.020061728395061727
1 0.5468106995884774 0.5478395061728395 0.01800411522633745 0.09567901234567901
1 0.6193415637860082 0.4984567901234568 0.010802469135802469 0.016975308641975308